[0.45867658 0.47796425 0.06335921] 1 1
[0.00931993 0.04638731 0.9442928 ] 2 1
[0.06002232 0.885337   0.0546407 ] 1 0
[0.9331025  0.01627889 0.05061863] 0 2
[0.2663519  0.6126776  0.12097051] 1 0
[0.06169822 0.91659033 0.02171152] 1 0
[0.17684224 0.23119585 0.5919619 ] 2 2
[0.02299564 0.7445755  0.23242883] 1 1
[0.04511606 0.9060739  0.04881003] 1 1
[0.09438631 0.75751376 0.14809988] 1 2
[0.05582907 0.9151701  0.02900092] 1 0
[0.00246635 0.06014255 0.9373911 ] 2 1
[0.0436668 0.684935  0.2713982] 1 1
[0.93807805 0.04681509 0.01510691] 0 1
[0.10156719 0.73472047 0.1637123 ] 1 1
[0.02383225 0.5289613  0.4472065 ] 1 1
[0.01021199 0.8434534  0.14633459] 1 1
[0.02823948 0.71243    0.25933057] 1 1
[0.67799366 0.2977002  0.0243062 ] 0 1
[0.70775694 0.22204857 0.07019448] 0 1
[0.12659803 0.7254632  0.1479388 ] 1 2
[0.02992309 0.783134   0.18694292] 1 1
[0.7072539  0.04862561 0.24412055] 0 2
[0.9194322  0.03260915 0.0479586 ] 0 2
[0.00701548 0.8755776  0.11740694] 1 1
[0.40963107 0.5853846  0.00498433] 1 1
[0.1728521  0.82229614 0.00485174] 1 0
[0.14669478 0.8440709  0.00923427] 1 0
[0.08844426 0.8904565  0.02109926] 1 0
[0.97949916 0.01072407 0.00977673] 0 2
[0.0819405  0.7493841  0.16867544] 1 0
[0.08129721 0.6112787  0.30742413] 1 1
[0.80395734 0.14279947 0.0532433 ] 0 1
[0.25891322 0.66585255 0.07523425] 1 0
[0.06027918 0.71363145 0.22608931] 1 2
[0.25779375 0.6947231  0.04748313] 1 1
[0.47329694 0.36164424 0.16505885] 0 0
[0.04146406 0.8870745  0.07146154] 1 1
[0.00175866 0.00781707 0.9904242 ] 2 1
[0.5379947 0.4049425 0.0570628] 0 0
[0.92618597 0.03682796 0.03698609] 0 1
[0.6482565  0.10425116 0.24749239] 0 2
[0.01534215 0.93920815 0.0454497 ] 1 1
[0.07032514 0.47472745 0.45494735] 1 1
[0.01110744 0.92965055 0.05924201] 1 2
[0.33792028 0.3316337  0.33044606] 0 0
[0.04994721 0.54075056 0.40930223] 1 1
[0.0343715  0.8859157  0.07971282] 1 2
[0.9609274  0.01510414 0.02396838] 0 2
[0.04035025 0.94654626 0.01310354] 1 1
1/2 [==============>...............] - ETA: 1s - evaluate acc: 44.0000cnt_eq= 22
[0.05594012 0.88227135 0.06178852] 1 2
[0.83330995 0.12343934 0.04325068] 0 1
[0.99698454 0.00200693 0.0010086 ] 0 1
[0.02192647 0.9259285  0.05214504] 1 1

2/2 [==============================] - 1s - evaluate acc: 43.2963
cnt_eq= 23
******************** 42.592592592592595

Process finished with exit code 0
