[0.8033101  0.1839928  0.01269719] 0 1
[0.00999198 0.04676158 0.9432465 ] 2 1
[0.06824002 0.8791869  0.05257314] 1 0
[0.90960723 0.01970742 0.07068537] 0 2
[0.29708025 0.5892857  0.11363403] 1 0
[0.0618263  0.91646814 0.02170555] 1 0
[0.20479566 0.20785305 0.58735126] 2 2
[0.02315942 0.74118364 0.23565692] 1 1
[0.0458508  0.90473354 0.04941576] 1 1
[0.4294274  0.52755713 0.04301551] 1 2
[0.0024564  0.05994538 0.9375982 ] 2 1
[0.04362285 0.6835903  0.27278686] 1 1
[0.9485248  0.03936502 0.0121102 ] 0 1
[0.3700883  0.5544927  0.07541897] 1 1
[0.03044126 0.5293838  0.44017497] 1 1
[0.01006675 0.84221613 0.14771718] 1 1
[0.02867799 0.708768   0.26255396] 1 1
[0.6818035  0.292379   0.02581743] 0 1
[0.72059715 0.21023953 0.06916334] 0 1
[0.56612563 0.33924246 0.09463192] 0 2
[0.03125617 0.781592   0.18715186] 1 1
[0.64393914 0.04851534 0.3075455 ] 0 2
[0.9408719  0.02386362 0.03526448] 0 2
[0.00701537 0.87557817 0.1174064 ] 1 1
[0.47032657 0.5254344  0.00423903] 1 1
[0.15837583 0.83770424 0.00391986] 1 0
[0.09572179 0.8948784  0.00939979] 1 0
[0.08842484 0.89047474 0.02110038] 1 0
[0.98070014 0.00968245 0.00961739] 0 2
[0.12660939 0.7306397  0.14275092] 1 0
[0.07949613 0.60640377 0.31410006] 1 1
[0.78049904 0.16256852 0.05693243] 0 1
[0.26069957 0.66436964 0.07493075] 1 0
[0.05885654 0.7102393  0.23090413] 1 2
[0.311088  0.6267245 0.0621875] 1 1
[0.7737519  0.15455133 0.07169675] 0 0
[0.04350875 0.8846537  0.07183755] 1 1
[3.0122855e-04 9.3564792e-03 9.9034226e-01] 2 1
[0.537934   0.40499404 0.05707194] 0 0
[0.9085838  0.04856427 0.04285197] 0 1
[0.6519331  0.10270409 0.24536285] 0 2
[0.01641037 0.93203014 0.05155948] 1 1
[0.2457256  0.5104998  0.24377456] 1 1
[0.01102515 0.9297443  0.05923058] 1 2
[0.3430228 0.3269707 0.3300065] 0 0
[0.04948046 0.5414009  0.40911865] 1 1
[0.03436344 0.88592064 0.07971589] 1 2
[0.9730012  0.01141216 0.01558664] 0 2
[0.08032824 0.9035937  0.016078  ] 1 1
[0.05833324 0.8775902  0.06407662] 1 2
1/2 [==============>...............] - ETA: 1s - evaluate acc: 42.0000cnt_eq= 21
[0.8337883  0.12294593 0.04326574] 0 1
[0.99653304 0.00237139 0.00109554] 0 1
[0.02142469 0.92869794 0.04987734] 1 1

2/2 [==============================] - 1s - evaluate acc: 41.7547
cnt_eq= 22
******************** 41.509433962264154

Process finished with exit code 0